0.000000
0.000019
0.000116
0.000362
0.000827
0.001574
0.002656
0.004122
0.006011
0.008352
0.011165
0.014461
0.018240
0.022492
0.027199
0.032332
0.037853
0.043718
0.049872
0.056257
0.062807
0.069452
0.076120
0.082736
0.089223
0.095506
0.101510
0.107164
0.112400
0.117156
0.121376
0.125010
0.128016
0.130361
0.132022
0.132984
0.133241
0.132800
0.131675
0.129891
0.127482
0.124489
0.120965
0.116966
0.112559
0.107812
0.102801
0.097603
0.092299
0.086969
0.081694
0.076552
0.071619
0.066968
0.062666
0.058773
0.055342
0.052420
0.050044
0.048241
0.047031
0.046421
0.046412
0.046990
0.048136
0.049820
0.052001
0.054634
0.057662
0.061025
0.064656
0.068483
0.072432
0.076426
0.080386
0.084236
0.087899
0.091303
0.094376
0.097057
0.099286
0.101012
0.102192
0.102792
0.102784
0.102154
0.100895
0.099010
0.096512
0.093425
0.089781
0.085620
0.080992
0.075954
0.070568
0.064904
0.059033
0.053034
0.046983
0.040960
0.035045
0.029315
0.023844
0.018704
0.013958
0.009668
0.005884
0.002652
0.000007
-0.002023
-0.003422
-0.004182
-0.004306
-0.003806
-0.002704
-0.001032
0.001170
0.003854
0.006964
0.010437
0.014205
0.018196
0.022335
0.026542
0.030740
0.034850
0.038794
0.042499
0.045895
0.048916
0.051504
0.053606
0.055178
0.056185
0.056600
0.056406
0.055596
0.054173
0.052149
0.049546
0.046396
0.042740
0.038626
0.034109
0.029253
0.024125
0.018798
0.013347
0.007851
0.002388
-0.002963
-0.008125
-0.013025
-0.017591
-0.021760
-0.025472
-0.028675
-0.031326
-0.033388
-0.034836
-0.035652
-0.035830
-0.035372
-0.034291
-0.032610
-0.030360
-0.027583
-0.024325
-0.020645
-0.016604
-0.012271
-0.007718
-0.003021
0.001740
0.006489
0.011145
0.015631
0.019874
0.023802
0.027351
0.030461
0.033081
0.035165
0.036679
0.037595
0.037896
0.037576
0.036636
0.035090
0.032959
0.030274
0.027077
0.023416
0.019346
0.014929
0.010235
0.005335
0.000305
-0.004777
-0.009833
-0.014783
-0.019552
-0.024064
-0.028250
-0.032045
-0.035389
-0.038232
-0.040528
-0.042243
-0.043350
-0.043832
-0.043683
-0.042904
-0.041509
-0.039520
-0.036969
-0.033896
-0.030350
-0.026388
-0.022071
-0.017468
-0.012651
-0.007697
-0.002684
0.002309
0.007205
0.011924
0.016395
0.020545
0.024310
0.027630
0.030455
0.032738
0.034446
0.035550
0.036035
0.035892
0.035125
0.033747
0.031778
0.029252
0.026207
0.022694
0.018767
0.014489
0.009929
0.005158
0.000254
-0.004708
-0.009647
-0.014485
-0.019145
-0.023553
-0.027638
-0.031337
-0.034589
-0.037343
-0.039554
-0.041187
-0.042216
-0.042624
-0.042403
-0.041556
-0.040096
-0.038045
-0.035436
-0.032307
-0.028709
-0.024696
-0.020332
-0.015685
-0.010827
-0.005834
-0.000784
0.004244
0.009171
0.013920
0.018417
0.022592
0.026380
0.029721
0.032564
0.034865
0.036587
0.037704
0.038200
0.038067
0.037308
0.035935
0.033972
0.031448
0.028405
0.024892
0.020964
0.016684
0.012120
0.007344
0.002433
-0.002536
-0.007483
-0.012331
-0.017001
-0.021421
-0.025519
-0.029230
-0.032497
-0.035265
-0.037492
-0.039142
-0.040188
-0.040613
-0.040410
-0.039583
-0.038142
-0.036112
-0.033523
-0.030415
-0.026838
-0.022848
-0.018506
-0.013881
-0.009046
-0.004076
0.000950
0.005954
0.010857
0.015582
0.020055
0.024205
0.027968
0.031285
0.034103
0.036378
0.038075
0.039167
0.039638
0.039480
0.038696
0.037298
0.035309
0.032760
0.029692
0.026154
0.022201
0.017896
0.013307
0.008507
0.003572
-0.001421
-0.006393
-0.011264
-0.015958
-0.020401
-0.024523
-0.028258
-0.031547
-0.034338
-0.036588
-0.038260
-0.039328
-0.039775
-0.039594
-0.038787
-0.037368
-0.035359
-0.032790
-0.029703
-0.026146
-0.022175
-0.017853
-0.013247
-0.008431
-0.003480
0.001528
0.006513
0.011398
0.016106
0.020562
0.024695
0.028441
0.031742
0.034544
0.036803
0.038485
0.039562
0.040017
0.039845
0.039046
0.037634
0.035631
0.033069
0.029988
0.026437
0.022471
0.018154
0.013553
0.008741
0.003794
-0.001211
-0.006193
-0.011075
-0.015780
-0.020233
-0.024365
-0.028110
-0.031408
-0.034209
-0.036467
-0.038148
-0.039225
-0.039680
-0.039507
-0.038709
-0.037297
-0.035295
-0.032734
-0.029654
-0.026103
-0.022139
-0.017823
-0.013224
-0.008414
-0.003468
0.001534
0.006514
0.011394
0.016097
0.020548
0.024676
0.028418
0.031714
0.034512
0.036768
0.038445
0.039519
0.039971
0.039795
0.038993
0.037578
0.035572
0.033007
0.029924
0.026370
0.022402
0.018082
0.013479
0.008665
0.003716
-0.001290
-0.006274
-0.011158
-0.015864
-0.020319
-0.024451
-0.028197
-0.031497
-0.034299
-0.036558
-0.038240
-0.039317
-0.039773
-0.039601
-0.038803
-0.037391
-0.035389
-0.032828
-0.029748
-0.026198
-0.022234
-0.017918
-0.013319
-0.008508
-0.003563
0.001440
0.006420
0.011300
0.016003
0.020455
0.024584
0.028326
0.031623
0.034421
0.036677
0.038356
0.039430
0.039883
0.039707
0.038906
0.037492
0.035487
0.032923
0.029840
0.026287
0.022320
0.018002
0.013400
0.008587
0.003638
-0.001367
-0.006350
-0.011233
-0.015938
-0.020391
-0.024523
-0.028268
-0.031566
-0.034367
-0.036625
-0.038306
-0.039382
-0.039837
-0.039664
-0.038864
-0.037452
-0.035449
-0.032887
-0.029806
-0.026255
-0.022289
-0.017972
-0.013372
-0.008561
-0.003614
0.001390
0.006371
0.011253
0.015956
0.020409
0.024539
0.028282
0.031580
0.034379
0.036636
0.038316
0.039391
0.039845
0.039670
0.038870
0.037457
0.035453
0.032890
0.029808
0.026256
0.022290
0.017972
0.013371
0.008558
0.003611
-0.001393
-0.006375
-0.011257
-0.015962
-0.020415
-0.024546
-0.028290
-0.031587
-0.034387
-0.036645
-0.038325
-0.039400
-0.039855
-0.039680
-0.038881
-0.037468
-0.035464
-0.032901
-0.029820
-0.026268
-0.022302
-0.017985
-0.013384
-0.008572
-0.003624
0.001380
0.006362
0.011244
0.015948
0.020401
0.024531
0.028275
0.031573
0.034373
0.036631
0.038310
0.039386
0.039840
0.039666
0.038866
0.037453
0.035450
0.032887
0.029805
0.026253
0.022288
0.017970
0.013369
0.008557
0.003610
-0.001394
-0.006376
-0.011258
-0.015962
-0.020414
-0.024545
-0.028289
-0.031587
-0.034386
-0.036644
-0.038323
-0.039399
-0.039853
-0.039679
-0.038879
-0.037466
-0.035462
-0.032899
-0.029817
-0.026265
-0.022299
-0.017982
-0.013380
-0.008568
-0.003621
0.001383
0.006365
0.011247
0.015951
0.020404
0.024535
0.028279
0.031577
0.034377
0.036634
0.038314
0.039390
0.039844
0.039670
0.038870
0.037457
0.035454
0.032891
0.029809
0.026258
0.022292
0.017974
0.013373
0.008561
0.003614
-0.001390
-0.006372
-0.011253
-0.015958
-0.020410
-0.024541
-0.028285
-0.031583
-0.034382
-0.036640
-0.038319
-0.039395
-0.039849
-0.039675
-0.038875
-0.037462
-0.035458
-0.032895
-0.029813
-0.026262
-0.022296
-0.017978
-0.013377
-0.008565
-0.003618
0.001386
0.006369
0.011250
0.015955
0.020407
0.024538
0.028282
0.031580
0.034380
0.036637
0.038317
0.039393
0.039847
0.039673
0.038873
0.037460
0.035456
0.032893
0.029812
0.026260
0.022294
0.017977
0.013376
0.008564
0.003617
-0.001387
-0.006370
-0.011251
-0.015956
-0.020408
-0.024539
-0.028283
-0.031581
-0.034380
-0.036638
-0.038318
-0.039393
-0.039847
-0.039673
-0.038873
-0.037460
-0.035457
-0.032894
-0.029812
-0.026260
-0.022294
-0.017977
-0.013376
-0.008564
-0.003617
0.001387
0.006370
0.011251
0.015956
0.020408
0.024539
0.028283
0.031581
0.034381
0.036638
0.038318
0.039393
0.039848
0.039674
0.038874
0.037461
0.035457
0.032894
0.029812
0.026261
0.022295
0.017977
0.013376
0.008564
0.003617
-0.001387
-0.006369
-0.011251
-0.015955
-0.020408
-0.024539
-0.028283
-0.031580
-0.034380
-0.036638
-0.038317
-0.039393
-0.039847
-0.039673
-0.038873
-0.037460
-0.035456
-0.032893
-0.029812
-0.026260
-0.022294
-0.017977
-0.013376
-0.008564
-0.003617
0.001388
0.006370
0.011251
0.015956
0.020408
0.024539
0.028283
0.031581
0.034381
0.036638
0.038318
0.039393
0.039848
0.039673
0.038874
0.037461
0.035457
0.032894
0.029812
0.026261
0.022295
0.017977
0.013376
0.008564
0.003617
-0.001387
-0.006369
-0.011251
-0.015955
-0.020408
-0.024539
-0.028283
-0.031580
-0.034380
-0.036638
-0.038318
-0.039393
-0.039847
-0.039673
-0.038873
-0.037460
-0.035457
-0.032894
-0.029812
-0.026260
-0.022294
-0.017977
-0.013376
-0.008564
-0.003617
0.001387
0.006370
0.011251
0.015956
0.020408
0.024539
0.028283
0.031581
0.034381
0.036638
0.038318
0.039393
0.039847
0.039673
0.038873
0.037460
0.035457
0.032894
0.029812
0.026260
0.022294
0.017977
0.013376
0.008564
0.003617
-0.001387
-0.006369
-0.011251
-0.015955
-0.020408
-0.024539
-0.028283
-0.031581
-0.034380
-0.036638
-0.038318
-0.039393
-0.039847
-0.039673
-0.038873
-0.037460
-0.035457
-0.032894
-0.029812
-0.026260
-0.022294
-0.017977
-0.013376
-0.008564
-0.003617
0.001387
0.006369
0.011251
0.015956
0.020408
0.024539
0.028283
0.031581
0.034380
0.036638
0.038318
0.039393
0.039847
0.039673
0.038873
0.037460
0.035457
0.032894
0.029812
0.026260
0.022294
0.017977
0.013376
0.008564
0.003617
-0.001387
-0.006369
-0.011251
-0.015956
-0.020408
-0.024539
-0.028283
-0.031581
-0.034380
-0.036638
-0.038318
-0.039393
-0.039847
-0.039673
-0.038873
-0.037460
-0.035457
-0.032894
-0.029812
-0.026260
-0.022294
-0.017977
-0.013376
-0.008564
-0.003617
0.001387
0.006369
0.011251
0.015955
0.020408
0.024539
0.028283
0.031581
0.034380
0.036638
0.038318
0.039393
0.039847
0.039673
0.038873
0.037460
0.035457
0.032894
0.029812
0.026260
0.022294
0.017977
0.013376
0.008564
0.003617
-0.001387
-0.006369
-0.011251
-0.015956
-0.020408
-0.024539
-0.028283
-0.031581
-0.034380
-0.036638
-0.038318
-0.039393
-0.039847
-0.039673
-0.038873
-0.037460
-0.035457
-0.032894
-0.029812
-0.026260
-0.022294
-0.017977
-0.013376
-0.008564
-0.003617
0.001387
0.006369
0.011251
0.015955
0.020408
0.024539
0.028283
0.031581
0.034380
0.036638
0.038318
0.039393
0.039847
0.039673
0.038873
0.037460
0.035457
0.032894
0.029812
0.026260
0.022294
0.017977
0.013376
0.008564
0.003617
-0.001387
-0.006369
-0.011251
-0.015956
-0.020408
-0.024539
-0.028283
-0.031581
-0.034380
-0.036638
-0.038318
-0.039393
-0.039847
-0.039673
-0.038873
-0.037460
-0.035457
-0.032894
-0.029812
-0.026260
-0.022294
-0.017977
-0.013376
-0.008564
-0.003617
0.001387
0.006369
0.011251
0.015955
0.020408
0.024539
0.028283
0.031581
0.034380
0.036638
0.038318
0.039393
0.039847
0.039673
0.038873
0.037460
0.035457
0.032894
0.029812
0.026260
0.022294
0.017977
0.013376
0.008564
0.003617
-0.001387
-0.006369
-0.011251
-0.015955
-0.020408
-0.024539
-0.028283
-0.031581
-0.034380
-0.036638
-0.038318
-0.039393
-0.039847
-0.039673
-0.038873
-0.037460
-0.035457
-0.032894
-0.029812
-0.026260
-0.022294
-0.017977
-0.013376
-0.008564
-0.003617
0.001387
0.006369
0.011251
0.015955
0.020408
0.024539
0.028283
0.031581
0.034380
0.036638
0.038318
0.039393
0.039847
0.039673
0.038873
0.037460
0.035457
0.032894
0.029812
0.026260
0.022294
0.017977
0.013376
0.008564
0.003617
-0.001387
-0.006369
-0.011251
-0.015955
-0.020408
-0.024539
-0.028283
-0.031581
-0.034380
-0.036638
-0.038318
-0.039393
-0.039847
-0.039673
-0.038873
-0.037460
-0.035457
-0.032894
-0.029812
-0.026260
-0.022294
-0.017977
-0.013376
-0.008564
-0.003617
0.001387
0.006369
0.011251
0.015955
0.020408
0.024539
0.028283
0.031581
0.034380
0.036638
0.038318
0.039393
0.039847
0.039673
0.038873
0.037460
0.035457
0.032894
0.029812
0.026260
0.022294
0.017977
0.013376
0.008564
0.003617
-0.001387
-0.006369
-0.011251
-0.015955
-0.020408
-0.024539
-0.028283
-0.031581
-0.034380
-0.036638
-0.038318
-0.039393
-0.039847
-0.039673
-0.038873
-0.037460
-0.035457
-0.032894
-0.029812
-0.026260
-0.022294
-0.017977
-0.013376
-0.008564
-0.003617
0.001387
0.006369
0.011251
0.015955
0.020408
0.024539
0.028283
0.031581
0.034380
0.036638
0.038318
0.039393
0.039847
0.039673
0.038873
0.037460
0.035457
0.032894
0.029812
0.026260
0.022294
0.017977
0.013376
0.008564
0.003617
-0.001387
-0.006369
-0.011251
-0.015955
-0.020408
-0.024539
-0.028283
-0.031581
-0.034380
-0.036638
-0.038318
-0.039393
-0.039847
-0.039673
-0.038873
-0.037460
-0.035457
-0.032894
-0.029812
-0.026260
-0.022294
-0.017977
-0.013376
-0.008564
-0.003617
0.001387
0.006369
0.011251
0.015955
0.020408
0.024539
0.028283
0.031581
0.034380
0.036638
0.038318
0.039393
0.039847
0.039673
0.038873
0.037460
0.035457
0.032894
0.029812
0.026260
0.022294
0.017977
0.013376
0.008564
0.003617
-0.001387
-0.006369
-0.011251
-0.015955
-0.020408
-0.024539
-0.028283
-0.031581
-0.034380
-0.036638
-0.038318
-0.039393
-0.039847
-0.039673
-0.038873
-0.037460
-0.035457
-0.032894
-0.029812
-0.026260
-0.022294
-0.017977
-0.013376
-0.008564
-0.003617
0.001387
0.006369
0.011251
0.015955
0.020408
0.024539
0.028283
0.031581
0.034380
0.036638
0.038318
0.039393
0.039847
0.039673
0.038873
0.037460
0.035457
0.032894
0.029812
0.026260
0.022294
0.017977
0.013376
0.008564
0.003617
-0.001387
-0.006369
-0.011251
-0.015955
-0.020408
-0.024539
-0.028283
-0.031581
-0.034380
-0.036638
-0.038318
-0.039393
-0.039847
-0.039673
-0.038873
-0.037460
-0.035457
-0.032894
-0.029812
-0.026260
-0.022294
-0.017977
-0.013376
-0.008564
-0.003617
0.001387
0.006369
0.011251
0.015955
0.020408
0.024539
0.028283
0.031581
0.034380
0.036638
0.038318
0.039393
0.039847
0.039673
0.038873
0.037460
0.035457
0.032894
0.029812
0.026260
0.022294
0.017977
0.013376
0.008564
0.003617
-0.001387
-0.006369
-0.011251
-0.015955
-0.020408
-0.024539
-0.028283
-0.031581
-0.034380
-0.036638
-0.038318
-0.039393
-0.039847
-0.039673
-0.038873
-0.037460
-0.035457
-0.032894
-0.029812
-0.026260
-0.022294
-0.017977
-0.013376
-0.008564
-0.003617
0.001387
0.006369
0.011251
0.015955
0.020408
0.024539
0.028283
0.031581
0.034380
0.036638
0.038318
0.039393
0.039847
0.039673
0.038873
0.037460
0.035457
0.032894
0.029812
0.026260
0.022294
0.017977
0.013376
0.008564
0.003617
-0.001387
-0.006369
-0.011251
-0.015955
-0.020408
-0.024539
-0.028283
-0.031581
-0.034380
-0.036638
-0.038318
-0.039393
-0.039847
-0.039673
-0.038873
-0.037460
-0.035457
-0.032894
-0.029812
-0.026260
-0.022294
-0.017977
-0.013376
-0.008564
-0.003617
0.001387
0.006369
0.011251
0.015955
0.020408
0.024539
0.028283
0.031581
0.034380
0.036638
0.038318
0.039393
0.039847
0.039673
0.038873
0.037460
0.035457
0.032894
0.029812
0.026260
0.022294
0.017977
0.013376
0.008564
0.003617
-0.001387
-0.006369
-0.011251
-0.015955
-0.020408
-0.024539
-0.028283
-0.031581
-0.034380
-0.036638
-0.038318
-0.039393
-0.039847
-0.039673
-0.038873
-0.037460
-0.035457
-0.032894
-0.029812
-0.026260
-0.022294
-0.017977
-0.013376
-0.008564
-0.003617
0.001387
0.006369
0.011251
0.015955
0.020408
0.024539
0.028283
0.031581
0.034380
0.036638
0.038318
0.039393
0.039847
0.039673
0.038873
0.037460
0.035457
0.032894
0.029812
0.026260
0.022294
0.017977
0.013376
0.008564
0.003617
-0.001387
-0.006369
-0.011251
-0.015955
-0.020408
-0.024539
-0.028283
-0.031581
-0.034380
-0.036638
-0.038318
-0.039393
-0.039847
-0.039673
-0.038873
-0.037460
-0.035457
-0.032894
-0.029812
-0.026260
-0.022294
-0.017977
-0.013376
-0.008564
-0.003617
0.001387
0.006369
0.011251
0.015955
0.020408
0.024539
0.028283
0.031581
0.034380
0.036638
0.038318
0.039393
0.039847
0.039673
0.038873
0.037460
0.035457
0.032894
0.029812
0.026260
0.022294
0.017977
0.013376
0.008564
0.003617
-0.001387
-0.006369
-0.011251
-0.015955
-0.020408
-0.024539
-0.028283
-0.031581
-0.034380
-0.036638
-0.038318
-0.039393
-0.039847
-0.039673
-0.038873
-0.037460
-0.035457
-0.032894
-0.029812
-0.026260
-0.022294
-0.017977
-0.013376
-0.008564
-0.003617
0.001387
0.006369
0.011251
0.015955
0.020408
0.024539
0.028283
0.031581
0.034380
0.036638
0.038318
0.039393
0.039847
0.039673
0.038873
0.037460
0.035457
0.032894
0.029812
0.026260
0.022294
0.017977
0.013376
0.008564
0.003617
-0.001387
-0.006369
-0.011251
-0.015955
-0.020408
-0.024539
-0.028283
-0.031581
-0.034380
-0.036638
-0.038318
-0.039393
-0.039847
-0.039673
-0.038873
-0.037460
-0.035457
-0.032894
-0.029812
-0.026260
-0.022294
-0.017977
-0.013376
-0.008564
-0.003617
0.001387
0.006369
0.011251
0.015955
0.020408
0.024539
0.028283
0.031581
0.034380
0.036638
0.038318
0.039393
0.039847
0.039673
0.038873
0.037460
0.035457
0.032894
0.029812
0.026260
0.022294
0.017977
0.013376
0.008564
0.003617
-0.001387
-0.006369
-0.011251
-0.015955
-0.020408
-0.024539
-0.028283
-0.031581
-0.034380
-0.036638
-0.038318
-0.039393
-0.039847
-0.039673
-0.038873
-0.037460
-0.035457
-0.032894
-0.029812
-0.026260
-0.022294
-0.017977
-0.013376
-0.008564
-0.003617
0.001387
0.006369
0.011251
0.015955
0.020408
0.024539
0.028283
0.031581
0.034380
0.036638
0.038318
0.039393
0.039847
0.039673
0.038873
0.037460
0.035457
0.032894
0.029812
0.026260
0.022294
0.017977
0.013376
0.008564
0.003617
-0.001387
-0.006369
-0.011251
-0.015955
-0.020408
-0.024539
-0.028283
-0.031581
-0.034380
-0.036638
-0.038318
-0.039393
-0.039847
-0.039673
-0.038873
-0.037460
-0.035457
-0.032894
-0.029812
-0.026260
-0.022294
-0.017977
-0.013376
-0.008564
-0.003617
0.001387
0.006369
0.011251
0.015955
0.020408
0.024539
0.028283
0.031581
0.034380
0.036638
0.038318
0.039393
0.039847
0.039673
0.038873
0.037460
0.035457
0.032894
0.029812
0.026260
0.022294
0.017977
0.013376
0.008564
0.003617
-0.001387
-0.006369
-0.011251
-0.015955
-0.020408
-0.024539
-0.028283
-0.031581
-0.034380
-0.036638
-0.038318
-0.039393
-0.039847
-0.039673
-0.038873
-0.037460
-0.035457
-0.032894
-0.029812
-0.026260
-0.022294
-0.017977
-0.013376
-0.008564
-0.003617
0.001387
0.006369
0.011251
0.015955
0.020408
0.024539
0.028283
0.031581
0.034380
0.036638
0.038318
0.039393
0.039847
0.039673
0.038873
0.037460
0.035457
0.032894
0.029812
0.026260
0.022294
0.017977
0.013376
0.008564
0.003617
-0.001387
-0.006369
-0.011251
-0.015955
-0.020408
-0.024539
-0.028283
-0.031581
-0.034380
-0.036638
-0.038318
-0.039393
-0.039847
-0.039673
-0.038873
-0.037460
-0.035457
-0.032894
-0.029812
-0.026260
-0.022294
-0.017977
-0.013376
-0.008564
-0.003617
0.001387
0.006369
0.011251
0.015955
0.020408
0.024539
0.028283
0.031581
0.034380
0.036638
0.038318
0.039393
0.039847
0.039673
0.038873
0.037460
0.035457
0.032894
0.029812
0.026260
0.022294
0.017977
0.013376
0.008564
0.003617
-0.001387
-0.006369
-0.011251
-0.015955
-0.020408
-0.024539
-0.028283
-0.031581
-0.034380
-0.036638
-0.038318
-0.039393
-0.039847
-0.039673
-0.038873
-0.037460
-0.035457
-0.032894
-0.029812
-0.026260
-0.022294
-0.017977
-0.013376
-0.008564
-0.003617
0.001387
0.006369
0.011251
0.015955
0.020408
0.024539
0.028283
0.031581
0.034380
0.036638
0.038318
0.039393
0.039847
0.039673
0.038873
0.037460
0.035457
0.032894
0.029812
0.026260
0.022294
0.017977
0.013376
0.008564
0.003617
-0.001387
-0.006369
-0.011251
-0.015955
-0.020408
-0.024539
-0.028283
-0.031581
-0.034380
-0.036638
-0.038318
-0.039393
-0.039847
-0.039673
-0.038873
-0.037460
-0.035457
-0.032894
-0.029812
-0.026260
-0.022294
-0.017977
-0.013376
-0.008564
-0.003617
0.001387
0.006369
0.011251
0.015955
0.020408
0.024539
0.028283
0.031581
0.034380
0.036638
0.038318
0.039393
0.039847
0.039673
0.038873
0.037460
0.035457
0.032894
0.029812
0.026260
0.022294
0.017977
0.013376
0.008564
0.003617
-0.001387
-0.006369
-0.011251
-0.015955
-0.020408
-0.024539
-0.028283
-0.031581
-0.034380
-0.036638
-0.038318
-0.039393
-0.039847
-0.039673
-0.038873
-0.037460
-0.035457
-0.032894
-0.029812
-0.026260
-0.022294
-0.017977
-0.013376
-0.008564
-0.003617
0.001387
0.006369
0.011251
0.015955
0.020408
0.024539
0.028283
0.031581
0.034380
0.036638
0.038318
0.039393
0.039847
0.039673
0.038873
0.037460
0.035457
0.032894
0.029812
0.026260
0.022294
0.017977
0.013376
0.008564
0.003617
-0.001387
-0.006369
-0.011251
-0.015955
-0.020408
-0.024539
-0.028283
-0.031581
-0.034380
-0.036638
-0.038318
-0.039393
-0.039847
-0.039673
-0.038873
-0.037460
-0.035457
-0.032894
-0.029812
-0.026260
-0.022294
-0.017977
-0.013376
-0.008564
-0.003617
0.001387
0.006369
0.011251
0.015955
0.020408
0.024539
0.028283
0.031581
0.034380
0.036638
0.038318
0.039393
0.039847
0.039673
0.038873
0.037460
0.035457
0.032894
0.029812
0.026260
0.022294
0.017977
0.013376
0.008564
0.003617
-0.001387
-0.006369
-0.011251
-0.015955
-0.020408
-0.024539
-0.028283
-0.031581
-0.034380
-0.036638
-0.038318
-0.039393
-0.039847
-0.039673
-0.038873
-0.037460
-0.035457
-0.032894
-0.029812
-0.026260
-0.022294
-0.017977
-0.013376
-0.008564
-0.003617
0.001387
0.006369
0.011251
0.015955
0.020408
0.024539
0.028283
0.031581
0.034380
0.036638
0.038318
0.039393
0.039847
0.039673
0.038873
0.037460
0.035457
0.032894
0.029812
0.026260
0.022294
0.017977
0.013376
0.008564
0.003617
-0.001387
-0.006369
-0.011251
-0.015955
-0.020408
-0.024539
-0.028283
-0.031581
-0.034380
-0.036638
-0.038318
-0.039393
-0.039847
-0.039673
-0.038873
-0.037460
-0.035457
-0.032894
-0.029812
-0.026260
-0.022294
-0.017977
-0.013376
-0.008564
-0.003617
0.001387
0.006369
0.011251
0.015955
0.020408
0.024539
0.028283
0.031581
0.034380
0.036638
0.038318
0.039393
0.039847
0.039673
0.038873
0.037460
0.035457
0.032894
0.029812
0.026260
0.022294
0.017977
0.013376
0.008564
0.003617
-0.001387
-0.006369
-0.011251
-0.015955
-0.020408
-0.024539
-0.028283
-0.031581
-0.034380
-0.036638
-0.038318
-0.039393
-0.039847
-0.039673
-0.038873
-0.037460
-0.035457
-0.032894
-0.029812
-0.026260
-0.022294
-0.017977
-0.013376
-0.008564
-0.003617
0.001387
0.006369
0.011251
0.015955
0.020408
0.024539
0.028283
0.031581
0.034380
0.036638
0.038318
0.039393
0.039847
0.039673
0.038873
0.037460
0.035457
0.032894
0.029812
0.026260
0.022294
0.017977
0.013376
0.008564
0.003617
-0.001387
-0.006369
-0.011251
-0.015955
-0.020408
-0.024539
-0.028283
-0.031581
-0.034380
-0.036638
-0.038318
-0.039393
-0.039847
-0.039673
-0.038873
-0.037460
-0.035457
-0.032894
-0.029812
-0.026260
-0.022294
-0.017977
-0.013376
-0.008564
-0.003617
0.001387
0.006369
0.011251
0.015955
0.020408
0.024539
0.028283
0.031581
0.034380
0.036638
0.038318
0.039393
0.039847
0.039673
0.038873
0.037460
0.035457
0.032894
0.029812
0.026260
0.022294
0.017977
0.013376
0.008564
0.003617
-0.001387
-0.006369
-0.011251
-0.015955
-0.020408
-0.024539
-0.028283
-0.031581
-0.034380
-0.036638
-0.038318
-0.039393
-0.039847
-0.039673
-0.038873
-0.037460
-0.035457
-0.032894
-0.029812
-0.026260
-0.022294
-0.017977
-0.013376
-0.008564
-0.003617
0.001387
0.006369
0.011251
0.015955
0.020408
0.024539
0.028283
0.031581
0.034380
0.036638
0.038318
0.039393
0.039847
0.039673
0.038873
0.037460
0.035457
0.032894
0.029812
0.026260
0.022294
0.017977
0.013376
0.008564
0.003617
-0.001387
-0.006369
-0.011251
-0.015955
-0.020408
-0.024539
-0.028283
-0.031581
-0.034380
-0.036638
-0.038318
-0.039393
-0.039847
-0.039673
-0.038873
-0.037460
-0.035457
-0.032894
-0.029812
-0.026260
-0.022294
-0.017977
-0.013376
-0.008564
-0.003617
0.001387
0.006369
0.011251
0.015955
0.020408
0.024539
0.028283
0.031581
0.034380
0.036638
0.038318
0.039393
0.039847
0.039673
0.038873
0.037460
0.035457
0.032894
0.029812
0.026260
0.022294
0.017977
0.013376
0.008564
0.003617
-0.001387
-0.006369
-0.011251
-0.015955
-0.020408
-0.024539
-0.028283
-0.031581
-0.034380
-0.036638
-0.038318
-0.039393
-0.039847
-0.039673
-0.038873
-0.037460
-0.035457
-0.032894
-0.029812
-0.026260
-0.022294
-0.017977
-0.013376
-0.008564
-0.003617
0.001387
0.006369
0.011251
0.015955
0.020408
0.024539
0.028283
0.031581
0.034380
0.036638
0.038318
0.039393
0.039847
0.039673
0.038873
0.037460
0.035457
0.032894
0.029812
0.026260
0.022294
0.017977
0.013376
0.008564
0.003617
-0.001387
-0.006369
-0.011251
-0.015955
-0.020408
-0.024539
-0.028283
-0.031581
-0.034380
-0.036638
-0.038318
-0.039393
-0.039847
-0.039673
-0.038873
-0.037460
-0.035457
-0.032894
-0.029812
-0.026260
-0.022294
-0.017977
-0.013376
-0.008564
-0.003617
0.001387
0.006369
0.011251
0.015955
0.020408
0.024539
0.028283
0.031581
0.034380
0.036638
0.038318
0.039393
0.039847
0.039673
0.038873
0.037460
0.035457
0.032894
0.029812
0.026260
0.022294
0.017977
0.013376
0.008564
0.003617
-0.001387
-0.006369
-0.011251
-0.015955
-0.020408
-0.024539
-0.028283
-0.031581
-0.034380
-0.036638
-0.038318
-0.039393
-0.039847
-0.039673
-0.038873
-0.037460
-0.035457
-0.032894
-0.029812
-0.026260
-0.022294
-0.017977
-0.013376
-0.008564
-0.003617
0.001387
0.006369
0.011251
0.015955
0.020408
0.024539
0.028283
0.031581
0.034380
0.036638
0.038318
0.039393
0.039847
0.039673
0.038873
0.037460
0.035457
0.032894
0.029812
0.026260
0.022294
0.017977
0.013376
0.008564
0.003617
-0.001387
-0.006369
-0.011251
-0.015955
-0.020408
-0.024539
-0.028283
-0.031581
-0.034380
-0.036638
-0.038318
-0.039393
-0.039847
-0.039673
-0.038873
-0.037460
-0.035457
-0.032894
-0.029812
-0.026260
-0.022294
-0.017977
-0.013376
-0.008564
-0.003617
0.001387
0.006369
0.011251
0.015955
0.020408
0.024539
0.028283
0.031581
0.034380
0.036638
0.038318
0.039393
0.039847
0.039673
0.038873
0.037460
0.035457
0.032894
0.029812
0.026260
0.022294
0.017977
0.013376
0.008564
0.003617
-0.001387
-0.006369
-0.011251
-0.015955
-0.020408
-0.024539
-0.028283
-0.031581
-0.034380
-0.036638
-0.038318
-0.039393
-0.039847
-0.039673
-0.038873
-0.037460
-0.035457
-0.032894
-0.029812
-0.026260
-0.022294
-0.017977
-0.013376
-0.008564
-0.003617
0.001387
0.006369
0.011251
0.015955
0.020408
0.024539
0.028283
0.031581
0.034380
0.036638
0.038318
0.039393
0.039847
0.039673
0.038873
0.037460
0.035457
0.032894
0.029812
0.026260
0.022294
0.017977
0.013376
0.008564
0.003617
-0.001387
-0.006369
-0.011251
-0.015955
-0.020408
-0.024539
-0.028283
-0.031581
-0.034380
-0.036638
-0.038318
-0.039393
-0.039847
-0.039673
-0.038873
-0.037460
-0.035457
-0.032894
-0.029812
-0.026260
-0.022294
-0.017977
-0.013376
-0.008564
-0.003617
0.001387
0.006369
0.011251
0.015955
0.020408
0.024539
0.028283
0.031581
0.034380
0.036638
0.038318
0.039393
0.039847
0.039673
0.038873
0.037460
0.035457
0.032894
0.029812
0.026260
0.022294
0.017977
0.013376
0.008564
0.003617
-0.001387
-0.006369
-0.011251
-0.015955
-0.020408
-0.024539
-0.028283
-0.031581
-0.034380
-0.036638
-0.038318
-0.039393
-0.039847
-0.039673
-0.038873
-0.037460
-0.035457
-0.032894
-0.029812
-0.026260
-0.022294
-0.017977
-0.013376
-0.008564
-0.003617
0.001387
0.006369
0.011251
0.015955
0.020408
0.024539
0.028283
0.031581
0.034380
0.036638
0.038318
0.039393
0.039847
0.039673
0.038873
0.037460
0.035457
0.032894
0.029812
0.026260
0.022294
0.017977
0.013376
0.008564
0.003617
-0.001387
-0.006369
-0.011251
-0.015955
-0.020408
-0.024539
-0.028283
-0.031581
-0.034380
-0.036638
-0.038318
-0.039393
-0.039847
-0.039673
-0.038873
-0.037460
-0.035457
-0.032894
-0.029812
-0.026260
-0.022294
-0.017977
-0.013376
-0.008564
-0.003617
0.001387
0.006369
0.011251
0.015955
0.020408
0.024539
0.028283
0.031581
0.034380
0.036638
0.038318
0.039393
0.039847
0.039673
0.038873
0.037460
0.035457
0.032894
0.029812
0.026260
0.022294
0.017977
0.013376
0.008564
0.003617
-0.001387
-0.006369
-0.011251
-0.015955
-0.020408
-0.024539
-0.028283
-0.031581
-0.034380
-0.036638
-0.038318
-0.039393
-0.039847
-0.039673
-0.038873
-0.037460
-0.035457
-0.032894
-0.029812
-0.026260
-0.022294
-0.017977
-0.013376
-0.008564
-0.003617
0.001387
0.006369
0.011251
0.015955
0.020408
0.024539
0.028283
0.031581
0.034380
0.036638
0.038318
0.039393
0.039847
0.039673
0.038873
0.037460
0.035457
0.032894
0.029812
0.026260
0.022294
0.017977
0.013376
0.008564
0.003617
-0.001387
-0.006369
-0.011251
-0.015955
-0.020408
-0.024539
-0.028283
-0.031581
-0.034380
-0.036638
-0.038318
-0.039393
-0.039847
-0.039673
-0.038873
-0.037460
-0.035457
-0.032894
-0.029812
-0.026260
-0.022294
-0.017977
-0.013376
-0.008564
-0.003617
0.001387
0.006369
0.011251
0.015955
0.020408
0.024539
0.028283
0.031581
0.034380
0.036638
0.038318
0.039393
0.039847
0.039673
0.038873
0.037460
0.035457
0.032894
0.029812
0.026260
0.022294
0.017977
0.013376
0.008564
0.003617
-0.001387
-0.006369
-0.011251
-0.015955
-0.020408
-0.024539
-0.028283
-0.031581
-0.034380
-0.036638
-0.038318
-0.039393
-0.039847
-0.039673
-0.038873
-0.037460
-0.035457
-0.032894
-0.029812
-0.026260
-0.022294
-0.017977
-0.013376
-0.008564
-0.003617
0.001387
0.006369
0.011251
0.015955
0.020408
0.024539
0.028283
0.031581
0.034380
0.036638
0.038318
0.039393
0.039847
0.039673
0.038873
0.037460
0.035457
0.032894
0.029812
0.026260
0.022294
0.017977
0.013376
0.008564
0.003617
-0.001387
-0.006369
-0.011251
-0.015955
-0.020408
-0.024539
-0.028283
-0.031581
-0.034380
-0.036638
-0.038318
-0.039393
-0.039847
-0.039673
-0.038873
-0.037460
-0.035457
-0.032894
-0.029812
-0.026260
-0.022294
-0.017977
-0.013376
-0.008564
-0.003617
0.001387
0.006369
0.011251
0.015955
0.020408
0.024539
0.028283
0.031581
0.034380
0.036638
0.038318
0.039393
0.039847
0.039673
0.038873
0.037460
0.035457
0.032894
0.029812
0.026260
0.022294
0.017977
0.013376
0.008564
0.003617
-0.001387
-0.006369
-0.011251
-0.015955
-0.020408
-0.024539
-0.028283
-0.031581
-0.034380
-0.036638
-0.038318
-0.039393
-0.039847
-0.039673
-0.038873
-0.037460
-0.035457
-0.032894
-0.029812
-0.026260
-0.022294
-0.017977
-0.013376
-0.008564
-0.003617
0.001387
0.006369
0.011251
0.015955
0.020408
0.024539
0.028283
0.031581
0.034380
0.036638
0.038318
0.039393
0.039847
0.039673
0.038873
0.037460
0.035457
0.032894
0.029812
0.026260
0.022294
0.017977
0.013376
0.008564
0.003617
-0.001387
-0.006369
-0.011251
-0.015955
-0.020408
-0.024539
-0.028283
-0.031581
-0.034380
-0.036638
-0.038318
-0.039393
-0.039847
-0.039673
-0.038873
-0.037460
-0.035457
-0.032894
-0.029812
-0.026260
-0.022294
-0.017977
-0.013376
-0.008564
-0.003617
0.001387
0.006369
0.011251
0.015955
0.020408
0.024539
0.028283
0.031581
0.034380
0.036638
0.038318
0.039393
0.039847
0.039673
0.038873
0.037460
0.035457
0.032894
0.029812
0.026260
0.022294
0.017977
0.013376
0.008564
0.003617
-0.001387
-0.006369
-0.011251
-0.015955
-0.020408
-0.024539
-0.028283
-0.031581
-0.034380
-0.036638
-0.038318
-0.039393
-0.039847
-0.039673
-0.038873
-0.037460
-0.035457
-0.032894
-0.029812
-0.026260
-0.022294
-0.017977
-0.013376
-0.008564
-0.003617
0.001387
0.006369
0.011251
0.015955
0.020408
0.024539
0.028283
0.031581
0.034380
0.036638
0.038318
0.039393
0.039847
0.039673
0.038873
0.037460
0.035457
0.032894
0.029812
0.026260
0.022294
0.017977
0.013376
0.008564
0.003617
-0.001387
-0.006369
-0.011251
-0.015955
-0.020408
-0.024539
-0.028283
-0.031581
-0.034380
-0.036638
-0.038318
-0.039393
-0.039847
-0.039673
-0.038873
-0.037460
-0.035457
-0.032894
-0.029812
-0.026260
-0.022294
-0.017977
-0.013376
-0.008564
-0.003617
0.001387
0.006369
0.011251
0.015955
0.020408
0.024539
0.028283
0.031581
0.034380
0.036638
0.038318
0.039393
0.039847
0.039673
0.038873
0.037460
0.035457
0.032894
0.029812
0.026260
0.022294
0.017977
0.013376
0.008564
0.003617
-0.001387
-0.006369
-0.011251
-0.015955
-0.020408
-0.024539
-0.028283
-0.031581
-0.034380
-0.036638
-0.038318
-0.039393
-0.039847
-0.039673
-0.038873
-0.037460
-0.035457
-0.032894
-0.029812
-0.026260
-0.022294
-0.017977
-0.013376
-0.008564
-0.003617
0.001387
0.006369
0.011251
0.015955
0.020408
0.024539
0.028283
0.031581
0.034380
0.036638
0.038318
0.039393
0.039847
0.039673
0.038873
0.037460
0.035457
0.032894
0.029812
0.026260
0.022294
0.017977
0.013376
0.008564
0.003617
-0.001387
-0.006369
-0.011251
-0.015955
-0.020408
-0.024539
-0.028283
-0.031581
-0.034380
-0.036638
-0.038318
-0.039393
-0.039847
-0.039673
-0.038873
-0.037460
-0.035457
-0.032894
-0.029812
-0.026260
-0.022294
-0.017977
-0.013376
-0.008564
-0.003617
0.001387
0.006369
0.011251
0.015955
0.020408
0.024539
0.028283
0.031581
0.034380
0.036638
0.038318
0.039393
0.039847
0.039673
0.038873
0.037460
0.035457
0.032894
0.029812
0.026260
0.022294
0.017977
0.013376
0.008564
0.003617
-0.001387
-0.006369
-0.011251
-0.015955
-0.020408
-0.024539
-0.028283
-0.031581
-0.034380
-0.036638
-0.038318
-0.039393
-0.039847
-0.039673
-0.038873
-0.037460
-0.035457
-0.032894
-0.029812
-0.026260
-0.022294
-0.017977
-0.013376
-0.008564
-0.003617
0.001387
0.006369
0.011251
0.015955
0.020408
0.024539
0.028283
0.031581
0.034380
0.036638
0.038318
0.039393
0.039847
0.039673
0.038873
0.037460
0.035457
0.032894
0.029812
0.026260
0.022294
0.017977
0.013376
0.008564
0.003617
-0.001387
-0.006369
-0.011251
-0.015955
-0.020408
-0.024539
-0.028283
-0.031581
-0.034380
-0.036638
-0.038318
-0.039393
-0.039847
-0.039673
-0.038873
-0.037460
-0.035457
-0.032894
-0.029812
-0.026260
-0.022294
-0.017977
-0.013376
-0.008564
-0.003617
0.001387
0.006369
0.011251
0.015955
0.020408
0.024539
0.028283
0.031581
0.034380
0.036638
0.038318
0.039393
0.039847
0.039673
0.038873
0.037460
0.035457
0.032894
0.029812
0.026260
0.022294
0.017977
0.013376
0.008564
0.003617
-0.001387
-0.006369
-0.011251
-0.015955
-0.020408
-0.024539
-0.028283
-0.031581
-0.034380
-0.036638
-0.038318
-0.039393
-0.039847
-0.039673
-0.038873
-0.037460
-0.035457
-0.032894
-0.029812
-0.026260
-0.022294
-0.017977
-0.013376
-0.008564
-0.003617
0.001387
0.006369
0.011251
0.015955
0.020408
0.024539
0.028283
0.031581
0.034380
0.036638
0.038318
0.039393
0.039847
0.039673
0.038873
0.037460
0.035457
0.032894
0.029812
0.026260
0.022294
0.017977
0.013376
0.008564
0.003617
-0.001387
-0.006369
-0.011251
-0.015955
-0.020408
-0.024539
-0.028283
-0.031581
-0.034380
-0.036638
-0.038318
-0.039393
-0.039847
-0.039673
-0.038873
-0.037460
-0.035457
-0.032894
-0.029812
-0.026260
-0.022294
-0.017977
-0.013376
-0.008564
-0.003617
0.001387
0.006369
0.011251
0.015955
0.020408
0.024539
0.028283
0.031581
0.034380
0.036638
0.038318
0.039393
0.039847
0.039673
0.038873
0.037460
0.035457
0.032894
0.029812
0.026260
0.022294
0.017977
0.013376
0.008564
0.003617
-0.001387
-0.006369
-0.011251
-0.015955
-0.020408
-0.024539
-0.028283
-0.031581
-0.034380
-0.036638
-0.038318
-0.039393
-0.039847
-0.039673
-0.038873
-0.037460
-0.035457
-0.032894
-0.029812
-0.026260
-0.022294
-0.017977
-0.013376
-0.008564
-0.003617
0.001387
0.006369
0.011251
0.015955
0.020408
0.024539
0.028283
0.031581
0.034380
0.036638
0.038318
0.039393
0.039847
0.039673
0.038873
0.037460
0.035457
0.032894
0.029812
0.026260
0.022294
0.017977
0.013376
0.008564
0.003617
-0.001387
-0.006369
-0.011251
-0.015955
-0.020408
-0.024539
-0.028283
-0.031581
-0.034380
-0.036638
-0.038318
-0.039393
-0.039847
-0.039673
-0.038873
-0.037460
-0.035457
-0.032894
-0.029812
-0.026260
-0.022294
-0.017977
-0.013376
-0.008564
-0.003617
0.001387
0.006369
0.011251
0.015955
0.020408
0.024539
0.028283
0.031581
0.034380
0.036638
0.038318
0.039393
0.039847
0.039673
0.038873
0.037460
0.035457
0.032894
0.029812
0.026260
0.022294
0.017977
0.013376
0.008564
0.003617
-0.001387
-0.006369
-0.011251
-0.015955
-0.020408
-0.024539
-0.028283
-0.031581
-0.034380
-0.036638
-0.038318
-0.039393
-0.039847
-0.039673
-0.038873
-0.037460
-0.035457
-0.032894
-0.029812
-0.026260
-0.022294
-0.017977
-0.013376
-0.008564
-0.003617
0.001387
0.006369
0.011251
0.015955
0.020408
0.024539
0.028283
0.031581
0.034380
0.036638
0.038318
0.039393
0.039847
0.039673
0.038873
0.037460
0.035457
0.032894
0.029812
0.026260
0.022294
0.017977
0.013376
0.008564
0.003617
-0.001387
-0.006369
-0.011251
-0.015955
-0.020408
-0.024539
-0.028283
-0.031581
-0.034380
-0.036638
-0.038318
-0.039393
-0.039847
-0.039673
-0.038873
-0.037460
-0.035457
-0.032894
-0.029812
-0.026260
-0.022294
-0.017977
-0.013376
-0.008564
-0.003617
0.001387
0.006369
0.011251
0.015955
0.020408
0.024539
0.028283
0.031581
0.034380
0.036638
0.038318
0.039393
0.039847
0.039673
0.038873
0.037460
0.035457
0.032894
0.029812
0.026260
0.022294
0.017977
0.013376
0.008564
0.003617
-0.001387
-0.006369
-0.011251
-0.015955
-0.020408
-0.024539
-0.028283
-0.031581
-0.034380
-0.036638
-0.038318
-0.039393
-0.039847
-0.039673
-0.038873
-0.037460
-0.035457
-0.032894
-0.029812
-0.026260
-0.022294
-0.017977
-0.013376
-0.008564
-0.003617
0.001387
0.006369
0.011251
0.015955
0.020408
0.024539
0.028283
0.031581
0.034380
0.036638
0.038318
0.039393
0.039847
0.039673
0.038873
0.037460
0.035457
0.032894
0.029812
0.026260
0.022294
0.017977
0.013376
0.008564
0.003617
-0.001387
-0.006369
-0.011251
-0.015955
-0.020408
-0.024539
-0.028283
-0.031581
-0.034380
-0.036638
-0.038318
-0.039393
-0.039847
-0.039673
-0.038873
-0.037460
-0.035457
-0.032894
-0.029812
-0.026260
-0.022294
-0.017977
-0.013376
-0.008564
-0.003617
0.001387
0.006369
0.011251
0.015955
0.020408
0.024539
0.028283
0.031581
0.034380
0.036638
0.038318
0.039393
0.039847
0.039673
0.038873
0.037460
0.035457
0.032894
0.029812
0.026260
0.022294
0.017977
0.013376
0.008564
0.003617
-0.001387
-0.006369
-0.011251
-0.015955
-0.020408
-0.024539
-0.028283
-0.031581
-0.034380
-0.036638
-0.038318
-0.039393
-0.039847
-0.039673
-0.038873
-0.037460
-0.035457
-0.032894
-0.029812
-0.026260
-0.022294
-0.017977
-0.013376
-0.008564
-0.003617
0.001387
0.006369
0.011251
0.015955
0.020408
0.024539
0.028283
0.031581
0.034380
0.036638
0.038318
0.039393
0.039847
0.039673
0.038873
0.037460
0.035457
0.032894
0.029812
0.026260
0.022294
0.017977
0.013376
0.008564
0.003617
-0.001387
-0.006369
-0.011251
-0.015955
-0.020408
-0.024539
-0.028283
-0.031581
-0.034380
-0.036638
-0.038318
-0.039393
-0.039847
-0.039673
-0.038873
-0.037460
-0.035457
-0.032894
-0.029812
-0.026260
-0.022294
-0.017977
-0.013376
-0.008564
-0.003617
0.001387
0.006369
0.011251
0.015955
0.020408
0.024539
0.028283
0.031581
0.034380
0.036638
0.038318
0.039393
0.039847
0.039673
0.038873
0.037460
0.035457
0.032894
0.029812
0.026260
0.022294
0.017977
0.013376
0.008564
0.003617
-0.001387
-0.006369
-0.011251
-0.015955
-0.020408
-0.024539
-0.028283
-0.031581
-0.034380
-0.036638
-0.038318
-0.039393
-0.039847
-0.039673
-0.038873
-0.037460
-0.035457
-0.032894
-0.029812
-0.026260
-0.022294
-0.017977
-0.013376
-0.008564
-0.003617
0.001387
0.006369
0.011251
0.015955
0.020408
0.024539
0.028283
0.031581
0.034380
0.036638
0.038318
0.039393
0.039847
0.039673
0.038873
0.037460
0.035457
0.032894
0.029812
0.026260
0.022294
0.017977
0.013376
0.008564
0.003617
-0.001387
-0.006369
-0.011251
-0.015955
-0.020408
-0.024539
-0.028283
-0.031581
-0.034380
-0.036638
-0.038318
-0.039393
-0.039847
-0.039673
-0.038873
-0.037460
-0.035457
-0.032894
-0.029812
-0.026260
-0.022294
-0.017977
-0.013376
-0.008564
-0.003617
0.001387
0.006369
0.011251
0.015955
0.020408
0.024539
0.028283
0.031581
0.034380
0.036638
0.038318
0.039393
0.039847
0.039673
0.038873
0.037460
0.035457
0.032894
0.029812
0.026260
0.022294
0.017977
0.013376
0.008564
0.003617
-0.001387
-0.006369
-0.011251
-0.015955
-0.020408
-0.024539
-0.028283
-0.031581
-0.034380
-0.036638
-0.038318
-0.039393
-0.039847
-0.039673
-0.038873
-0.037460
-0.035457
-0.032894
-0.029812
-0.026260
-0.022294
-0.017977
-0.013376
-0.008564
-0.003617
0.001387
0.006369
0.011251
0.015955
0.020408
0.024539
0.028283
0.031581
0.034380
0.036638
0.038318
0.039393
0.039847
0.039673
0.038873
0.037460
0.035457
0.032894
0.029812
0.026260
0.022294
0.017977
0.013376
0.008564
0.003617
-0.001387
-0.006369
-0.011251
-0.015955
-0.020408
-0.024539
-0.028283
-0.031581
-0.034380
-0.036638
-0.038318
-0.039393
-0.039847
-0.039673
-0.038873
-0.037460
-0.035457
-0.032894
-0.029812
-0.026260
-0.022294
-0.017977
-0.013376
-0.008564
-0.003617
0.001387
0.006369
0.011251
0.015955
0.020408
0.024539
0.028283
0.031581
0.034380
0.036638
0.038318
0.039393
0.039847
0.039673
0.038873
0.037460
0.035457
0.032894
0.029812
0.026260
0.022294
0.017977
0.013376
0.008564
0.003617
-0.001387
-0.006369
-0.011251
-0.015955
-0.020408
-0.024539
-0.028283
-0.031581
-0.034380
-0.036638
-0.038318
-0.039393
-0.039847
-0.039673
-0.038873
-0.037460
-0.035457
-0.032894
-0.029812
-0.026260
-0.022294
-0.017977
-0.013376
-0.008564
-0.003617
0.001387
0.006369
0.011251
0.015955
0.020408
0.024539
0.028283
0.031581
0.034380
0.036638
0.038318
0.039393
0.039847
0.039673
0.038873
0.037460
0.035457
0.032894
0.029812
0.026260
0.022294
0.017977
0.013376
0.008564
0.003617
-0.001387
-0.006369
-0.011251
-0.015955
-0.020408
-0.024539
-0.028283
-0.031581
-0.034380
-0.036638
-0.038318
-0.039393
-0.039847
-0.039673
-0.038873
-0.037460
-0.035457
-0.032894
-0.029812
-0.026260
-0.022294
-0.017977
-0.013376
-0.008564
-0.003617
0.001387
0.006369
0.011251
0.015955
0.020408
0.024539
0.028283
0.031581
0.034380
0.036638
0.038318
0.039393
0.039847
0.039673
0.038873
0.037460
0.035457
0.032894
0.029812
0.026260
0.022294
0.017977
0.013376
0.008564
0.003617
-0.001387
-0.006369
-0.011251
-0.015955
-0.020408
-0.024539
-0.028283
-0.031581
-0.034380
-0.036638
-0.038318
-0.039393
-0.039847
-0.039673
-0.038873
-0.037460
-0.035457
-0.032894
-0.029812
-0.026260
-0.022294
-0.017977
-0.013376
-0.008564
-0.003617
0.001387
0.006369
0.011251
0.015955
0.020408
0.024539
0.028283
0.031581
0.034380
0.036638
0.038318
0.039393
0.039847
0.039673
0.038873
0.037460
0.035457
0.032894
0.029812
0.026260
0.022294
0.017977
0.013376
0.008564
0.003617
-0.001387
-0.006369
-0.011251
-0.015955
-0.020408
-0.024539
-0.028283
-0.031581
-0.034380
-0.036638
-0.038318
-0.039393
-0.039847
-0.039673
-0.038873
-0.037460
-0.035457
-0.032894
-0.029812
-0.026260
-0.022294
-0.017977
-0.013376
-0.008564
-0.003617
0.001387
0.006369
0.011251
0.015955
0.020408
0.024539
0.028283
0.031581
0.034380
0.036638
0.038318
0.039393
0.039847
0.039673
0.038873
0.037460
0.035457
0.032894
0.029812
0.026260
0.022294
0.017977
0.013376
0.008564
0.003617
-0.001387
-0.006369
-0.011251
-0.015955
-0.020408
-0.024539
-0.028283
-0.031581
-0.034380
-0.036638
-0.038318
-0.039393
-0.039847
-0.039673
-0.038873
-0.037460
-0.035457
-0.032894
-0.029812
-0.026260
-0.022294
-0.017977
-0.013376
-0.008564
-0.003617
0.001387
0.006369
0.011251
0.015955
0.020408
0.024539
0.028283
0.031581
0.034380
0.036638
0.038318
0.039393
0.039847
0.039673
0.038873
0.037460
0.035457
0.032894
0.029812
0.026260
0.022294
0.017977
0.013376
0.008564
0.003617
-0.001387
-0.006369
-0.011251
-0.015955
-0.020408
-0.024539
-0.028283
-0.031581
-0.034380
-0.036638
-0.038318
-0.039393
-0.039847
-0.039673
-0.038873
-0.037460
-0.035457
-0.032894
-0.029812
-0.026260
-0.022294
-0.017977
-0.013376
-0.008564
-0.003617
0.001387
0.006369
0.011251
0.015955
0.020408
0.024539
0.028283
0.031581
0.034380
0.036638
0.038318
0.039393
0.039847
0.039673
0.038873
0.037460
0.035457
0.032894
0.029812
0.026260
0.022294
0.017977
0.013376
0.008564
0.003617
-0.001387
-0.006369
-0.011251
-0.015955
-0.020408
-0.024539
-0.028283
-0.031581
-0.034380
-0.036638
-0.038318
-0.039393
-0.039847
-0.039673
-0.038873
-0.037460
-0.035457
-0.032894
-0.029812
-0.026260
-0.022294
-0.017977
-0.013376
-0.008564
-0.003617
0.001387
0.006369
0.011251
0.015955
0.020408
0.024539
0.028283
0.031581
0.034380
0.036638
0.038318
0.039393
0.039847
0.039673
0.038873
0.037460
0.035457
0.032894
0.029812
0.026260
0.022294
0.017977
0.013376
0.008564
0.003617
-0.001387
-0.006369
-0.011251
-0.015955
-0.020408
-0.024539
-0.028283
-0.031581
-0.034380
-0.036638
-0.038318
-0.039393
-0.039847
-0.039673
-0.038873
-0.037460
-0.035457
-0.032894
-0.029812
-0.026260
-0.022294
-0.017977
-0.013376
-0.008564
-0.003617
0.001387
0.006369
0.011251
0.015955
0.020408
0.024539
0.028283
0.031581
0.034380
0.036638
0.038318
0.039393
0.039847
0.039673
0.038873
0.037460
0.035457
0.032894
0.029812
0.026260
0.022294
0.017977
0.013376
0.008564
0.003617
-0.001387
-0.006369
-0.011251
-0.015955
-0.020408
-0.024539
-0.028283
-0.031581
-0.034380
-0.036638
-0.038318
-0.039393
-0.039847
-0.039673
-0.038873
-0.037460
-0.035457
-0.032894
-0.029812
-0.026260
-0.022294
-0.017977
-0.013376
-0.008564
-0.003617
0.001387
0.006369
0.011251
0.015955
0.020408
0.024539
0.028283
0.031581
0.034380
0.036638
0.038318
0.039393
0.039847
0.039673
0.038873
0.037460
0.035457
0.032894
0.029812
0.026260
0.022294
0.017977
0.013376
0.008564
0.003617
-0.001387
-0.006369
-0.011251
-0.015955
-0.020408
-0.024539
-0.028283
-0.031581
-0.034380
-0.036638
-0.038318
-0.039393
-0.039847
-0.039673
-0.038873
-0.037460
-0.035457
-0.032894
-0.029812
-0.026260
-0.022294
-0.017977
-0.013376
-0.008564
-0.003617
0.001387
0.006369
0.011251
0.015955
0.020408
0.024539
0.028283
0.031581
0.034380
0.036638
0.038318
0.039393
0.039847
0.039673
0.038873
0.037460
0.035457
0.032894
0.029812
0.026260
0.022294
0.017977
0.013376
0.008564
0.003617
-0.001387
-0.006369
-0.011251
-0.015955
-0.020408
-0.024539
-0.028283
-0.031581
-0.034380
-0.036638
-0.038318
-0.039393
-0.039847
-0.039673
-0.038873
-0.037460
-0.035457
-0.032894
-0.029812
-0.026260
-0.022294
-0.017977
-0.013376
-0.008564
-0.003617
0.001387
0.006369
0.011251
0.015955
0.020408
0.024539
0.028283
0.031581
0.034380
0.036638
0.038318
0.039393
0.039847
0.039673
0.038873
0.037460
0.035457
0.032894
0.029812
0.026260
0.022294
0.017977
0.013376
0.008564
0.003617
-0.001387
-0.006369
-0.011251
-0.015955
-0.020408
-0.024539
-0.028283
-0.031581
-0.034380
-0.036638
-0.038318
-0.039393
-0.039847
-0.039673
-0.038873
-0.037460
-0.035457
-0.032894
-0.029812
-0.026260
-0.022294
-0.017977
-0.013376
-0.008564
-0.003617
0.001387
0.006369
0.011251
0.015955
0.020408
0.024539
0.028283
0.031581
0.034380
0.036638
0.038318
0.039393
0.039847
0.039673
0.038873
0.037460
0.035457
0.032894
0.029812
0.026260
0.022294
0.017977
0.013376
0.008564
0.003617
-0.001387
-0.006369
-0.011251
-0.015955
-0.020408
-0.024539
-0.028283
-0.031581
-0.034380
-0.036638
-0.038318
-0.039393
-0.039847
-0.039673
-0.038873
-0.037460
-0.035457
-0.032894
-0.029812
-0.026260
-0.022294
-0.017977
-0.013376
-0.008564
-0.003617
0.001387
0.006369
0.011251
0.015955
0.020408
0.024539
0.028283
0.031581
0.034380
0.036638
0.038318
0.039393
0.039847
0.039673
0.038873
0.037460
0.035457
0.032894
0.029812
0.026260
0.022294
0.017977
0.013376
0.008564
0.003617
-0.001387
-0.006369
-0.011251
-0.015955
-0.020408
-0.024539
-0.028283
-0.031581
-0.034380
-0.036638
-0.038318
-0.039393
-0.039847
-0.039673
-0.038873
-0.037460
-0.035457
-0.032894
-0.029812
-0.026260
-0.022294
-0.017977
-0.013376
-0.008564
-0.003617
0.001387
0.006369
0.011251
0.015955
0.020408
0.024539
0.028283
0.031581
0.034380
0.036638
0.038318
0.039393
0.039847
0.039673
0.038873
0.037460
0.035457
0.032894
0.029812
0.026260
0.022294
0.017977
0.013376
0.008564
0.003617
-0.001387
-0.006369
-0.011251
-0.015955
-0.020408
-0.024539
-0.028283
-0.031581
-0.034380
-0.036638
-0.038318
-0.039393
-0.039847
-0.039673
-0.038873
-0.037460
-0.035457
-0.032894
-0.029812
-0.026260
-0.022294
-0.017977
-0.013376
-0.008564
-0.003617
0.001387
0.006369
0.011251
0.015955
0.020408
0.024539
0.028283
0.031581
0.034380
0.036638
0.038318
0.039393
0.039847
0.039673
0.038873
0.037460
0.035457
0.032894
0.029812
0.026260
0.022294
0.017977
0.013376
0.008564
0.003617
-0.001387
-0.006369
-0.011251
-0.015955
-0.020408
-0.024539
-0.028283
-0.031581
-0.034380
-0.036638
-0.038318
-0.039393
-0.039847
-0.039673
-0.038873
-0.037460
-0.035457
-0.032894
-0.029812
-0.026260
-0.022294
-0.017977
-0.013376
-0.008564
-0.003617
0.001387
0.006369
0.011251
0.015955
0.020408
0.024539
0.028283
0.031581
0.034380
0.036638
0.038318
0.039393
0.039847
0.039673
0.038873
0.037460
0.035457
0.032894
0.029812
0.026260
0.022294
0.017977
0.013376
0.008564
0.003617
-0.001387
-0.006369
-0.011251
-0.015955
-0.020408
-0.024539
-0.028283
-0.031581
-0.034380
-0.036638
-0.038318
-0.039393
-0.039847
-0.039673
-0.038873
-0.037460
-0.035457
-0.032894
-0.029812
-0.026260
-0.022294
-0.017977
-0.013376
-0.008564
-0.003617
0.001387
0.006369
0.011251
0.015955
0.020408
0.024539
0.028283
0.031581
0.034380
0.036638
0.038318
0.039393
0.039847
0.039673
0.038873
0.037460
0.035457
0.032894
0.029812
0.026260
0.022294
0.017977
0.013376
0.008564
0.003617
-0.001387
-0.006369
-0.011251
-0.015955
-0.020408
-0.024539
-0.028283
-0.031581
-0.034380
-0.036638
-0.038318
-0.039393
-0.039847
-0.039673
-0.038873
-0.037460
-0.035457
-0.032894
-0.029812
-0.026260
-0.022294
-0.017977
-0.013376
-0.008564
-0.003617
0.001387
0.006369
0.011251
0.015955
0.020408
0.024539
0.028283
0.031581
0.034380
0.036638
0.038318
0.039393
0.039847
0.039673
0.038873
0.037460
0.035457
0.032894
0.029812
0.026260
0.022294
0.017977
0.013376
0.008564
0.003617
-0.001387
-0.006369
-0.011251
-0.015955
-0.020408
-0.024539
-0.028283
-0.031581
-0.034380
-0.036638
-0.038318
-0.039393
-0.039847
-0.039673
-0.038873
-0.037460
-0.035457
-0.032894
-0.029812
-0.026260
-0.022294
-0.017977
-0.013376
-0.008564
-0.003617
0.001387
0.006369
0.011251
0.015955
0.020408
0.024539
0.028283
0.031581
0.034380
0.036638
0.038318
0.039393
0.039847
0.039673
0.038873
0.037460
0.035457
0.032894
0.029812
0.026260
0.022294
0.017977
0.013376
0.008564
0.003617
-0.001387
-0.006369
