0.000000
0.037570
0.074369
0.109647
0.142687
0.172832
0.199494
0.222169
0.240456
0.254056
0.262791
0.266598
0.265538
0.259792
0.249655
0.235530
0.217919
0.197409
0.174660
0.150384
0.125333
0.100277
0.075987
0.053213
0.032669
0.015013
0.000834
-0.009368
-0.015188
-0.016332
-0.012619
-0.003988
0.009499
0.027661
0.050204
0.076722
0.106714
0.139591
0.174696
0.211312
0.248690
0.286058
0.322645
0.357700
0.390509
0.420412
0.446823
0.469237
0.487253
0.500573
0.509017
0.512524
0.511155
0.505089
0.494623
0.480159
0.462200
0.441332
0.418215
0.393562
0.368125
0.342672
0.317976
0.294786
0.273817
0.255727
0.241103
0.230448
0.224164
0.222548
0.225779
0.233918
0.246904
0.264557
0.286580
0.312569
0.342023
0.374353
0.408901
0.444951
0.481754
0.518537
0.554531
0.588983
0.621180
0.650463
0.676243
0.698019
0.715386
0.728049
0.735827
0.738659
0.736606
0.729847
0.718679
0.703505
0.684826
0.663230
0.639376
0.613977
0.587785
0.561570
0.536102
0.512131
0.490373
0.471486
0.456056
0.444586
0.437480
0.435032
0.437424
0.444715
0.456845
0.473632
0.494782
0.519891
0.548455
0.579887
0.613529
0.648666
0.684547
0.720401
0.755457
0.788964
0.820207
0.848528
0.873339
0.894138
0.910520
0.922191
0.928969
0.930793
0.927724
0.919943
0.907745
0.891532
0.871808
0.849160
0.824246
0.797780
0.770513
0.743216
0.716659
0.691593
0.668731
0.648734
0.632187
0.619593
0.611356
0.607770
0.609017
0.615156
0.626128
0.641751
0.661729
0.685659
0.713039
0.743280
0.775725
0.809658
0.844328
0.878965
0.912798
0.945076
0.975084
1.002163
1.025727
1.045272
1.060395
1.070800
1.076307
1.076854
1.072503
1.063433
1.049940
1.032428
1.011398
0.987439
0.961209
0.933421
0.904827
0.876198
0.848303
0.821893
0.797684
0.776333
0.758428
0.744471
0.734866
0.729907
0.729776
0.734533
0.744118
0.758349
0.776930
0.799459
0.825433
0.854265
0.885295
0.917809
0.951057
0.984266
1.016668
1.047510
1.076079
1.101715
1.123831
1.141925
1.155593
1.164539
1.168583
1.167664
1.161843
1.151300
1.136330
1.117338
1.094825
1.069379
1.041658
1.012377
0.982287
0.952158
0.922761
0.894846
0.869129
0.846267
0.826848
0.811375
0.800250
0.793770
0.792115
0.795345
0.803400
0.816099
0.833148
0.854141
0.878577
0.905868
0.935356
0.966326
0.998027
1.029688
1.060540
1.089831
1.116847
1.140928
1.161488
1.178024
1.190132
1.197518
1.200000
1.197518
1.190132
1.178024
1.161488
1.140928
1.116847
1.089831
1.060540
1.029688
0.998027
0.966326
0.935356
0.905868
0.878577
0.854141
0.833148
0.816099
0.803400
0.795345
0.792115
0.793770
0.800250
0.811375
0.826848
0.846267
0.869129
0.894846
0.922761
0.952158
0.982287
1.012377
1.041658
1.069379
1.094825
1.117338
1.136330
1.151300
1.161843
1.167664
1.168583
1.164539
1.155593
1.141925
1.123831
1.101715
1.076079
1.047510
1.016668
0.984266
0.951057
0.917809
0.885295
0.854265
0.825433
0.799459
0.776930
0.758349
0.744118
0.734533
0.729776
0.729907
0.734866
0.744471
0.758428
0.776333
0.797684
0.821893
0.848303
0.876198
0.904827
0.933421
0.961209
0.987439
1.011398
1.032428
1.049940
1.063433
1.072503
1.076854
1.076307
1.070800
1.060395
1.045272
1.025727
1.002163
0.975084
0.945076
0.912798
0.878965
0.844328
0.809658
0.775725
0.743280
0.713039
0.685659
0.661729
0.641751
0.626128
0.615156
0.609017
0.607770
0.611356
0.619593
0.632187
0.648734
0.668731
0.691593
0.716659
0.743216
0.770513
0.797780
0.824246
0.849160
0.871808
0.891532
0.907745
0.919943
0.927724
0.930793
0.928969
0.922191
0.910520
0.894138
0.873339
0.848528
0.820207
0.788964
0.755457
0.720401
0.684547
0.648666
0.613529
0.579887
0.548455
0.519891
0.494782
0.473632
0.456845
0.444715
0.437424
0.435032
0.437480
0.444586
0.456056
0.471486
0.490373
0.512131
0.536102
0.561570
0.587785
0.613977
0.639376
0.663230
0.684826
0.703505
0.718679
0.729847
0.736606
0.738659
0.735827
0.728049
0.715386
0.698019
0.676243
0.650463
0.621180
0.588983
0.554531
0.518537
0.481754
0.444951
0.408901
0.374353
0.342023
0.312569
0.286580
0.264557
0.246904
0.233918
0.225779
0.222548
0.224164
0.230448
0.241103
0.255727
0.273817
0.294786
0.317976
0.342672
0.368125
0.393562
0.418215
0.441332
0.462200
0.480159
0.494623
0.505089
0.511155
0.512524
0.509017
0.500573
0.487253
0.469237
0.446823
0.420412
0.390509
0.357700
0.322645
0.286058
0.248690
0.211312
0.174696
0.139591
0.106714
0.076722
0.050204
0.027661
0.009499
-0.003988
-0.012619
-0.016332
-0.015188
-0.009368
0.000834
0.015013
0.032669
0.053213
0.075987
0.100277
0.125333
0.150384
0.174660
0.197409
0.217919
0.235530
0.249655
0.259792
0.265538
0.266598
0.262791
0.254056
0.240456
0.222169
0.199494
0.172832
0.142687
0.109647
0.074369
0.037570
0.000000
-0.037570
-0.074369
-0.109647
-0.142687
-0.172832
-0.199494
-0.222169
-0.240456
-0.254056
-0.262791
-0.266598
-0.265538
-0.259792
-0.249655
-0.235530
-0.217919
-0.197409
-0.174660
-0.150384
-0.125333
-0.100277
-0.075987
-0.053213
-0.032669
-0.015013
-0.000834
0.009368
0.015188
0.016332
0.012619
0.003988
-0.009499
-0.027661
-0.050204
-0.076722
-0.106714
-0.139591
-0.174696
-0.211312
-0.248690
-0.286058
-0.322645
-0.357700
-0.390509
-0.420412
-0.446823
-0.469237
-0.487253
-0.500573
-0.509017
-0.512524
-0.511155
-0.505089
-0.494623
-0.480159
-0.462200
-0.441332
-0.418215
-0.393562
-0.368125
-0.342672
-0.317976
-0.294786
-0.273817
-0.255727
-0.241103
-0.230448
-0.224164
-0.222548
-0.225779
-0.233918
-0.246904
-0.264557
-0.286580
-0.312569
-0.342023
-0.374353
-0.408901
-0.444951
-0.481754
-0.518537
-0.554531
-0.588983
-0.621180
-0.650463
-0.676243
-0.698019
-0.715386
-0.728049
-0.735827
-0.738659
-0.736606
-0.729847
-0.718679
-0.703505
-0.684826
-0.663230
-0.639376
-0.613977
-0.587785
-0.561570
-0.536102
-0.512131
-0.490373
-0.471486
-0.456056
-0.444586
-0.437480
-0.435032
-0.437424
-0.444715
-0.456845
-0.473632
-0.494782
-0.519891
-0.548455
-0.579887
-0.613529
-0.648666
-0.684547
-0.720401
-0.755457
-0.788964
-0.820207
-0.848528
-0.873339
-0.894138
-0.910520
-0.922191
-0.928969
-0.930793
-0.927724
-0.919943
-0.907745
-0.891532
-0.871808
-0.849160
-0.824246
-0.797780
-0.770513
-0.743216
-0.716659
-0.691593
-0.668731
-0.648734
-0.632187
-0.619593
-0.611356
-0.607770
-0.609017
-0.615156
-0.626128
-0.641751
-0.661729
-0.685659
-0.713039
-0.743280
-0.775725
-0.809658
-0.844328
-0.878965
-0.912798
-0.945076
-0.975084
-1.002163
-1.025727
-1.045272
-1.060395
-1.070800
-1.076307
-1.076854
-1.072503
-1.063433
-1.049940
-1.032428
-1.011398
-0.987439
-0.961209
-0.933421
-0.904827
-0.876198
-0.848303
-0.821893
-0.797684
-0.776333
-0.758428
-0.744471
-0.734866
-0.729907
-0.729776
-0.734533
-0.744118
-0.758349
-0.776930
-0.799459
-0.825433
-0.854265
-0.885295
-0.917809
-0.951057
-0.984266
-1.016668
-1.047510
-1.076079
-1.101715
-1.123831
-1.141925
-1.155593
-1.164539
-1.168583
-1.167664
-1.161843
-1.151300
-1.136330
-1.117338
-1.094825
-1.069379
-1.041658
-1.012377
-0.982287
-0.952158
-0.922761
-0.894846
-0.869129
-0.846267
-0.826848
-0.811375
-0.800250
-0.793770
-0.792115
-0.795345
-0.803400
-0.816099
-0.833148
-0.854141
-0.878577
-0.905868
-0.935356
-0.966326
-0.998027
-1.029688
-1.060540
-1.089831
-1.116847
-1.140928
-1.161488
-1.178024
-1.190132
-1.197518
-1.200000
-1.197518
-1.190132
-1.178024
-1.161488
-1.140928
-1.116847
-1.089831
-1.060540
-1.029688
-0.998027
-0.966326
-0.935356
-0.905868
-0.878577
-0.854141
-0.833148
-0.816099
-0.803400
-0.795345
-0.792115
-0.793770
-0.800250
-0.811375
-0.826848
-0.846267
-0.869129
-0.894846
-0.922761
-0.952158
-0.982287
-1.012377
-1.041658
-1.069379
-1.094825
-1.117338
-1.136330
-1.151300
-1.161843
-1.167664
-1.168583
-1.164539
-1.155593
-1.141925
-1.123831
-1.101715
-1.076079
-1.047510
-1.016668
-0.984266
-0.951057
-0.917809
-0.885295
-0.854265
-0.825433
-0.799459
-0.776930
-0.758349
-0.744118
-0.734533
-0.729776
-0.729907
-0.734866
-0.744471
-0.758428
-0.776333
-0.797684
-0.821893
-0.848303
-0.876198
-0.904827
-0.933421
-0.961209
-0.987439
-1.011398
-1.032428
-1.049940
-1.063433
-1.072503
-1.076854
-1.076307
-1.070800
-1.060395
-1.045272
-1.025727
-1.002163
-0.975084
-0.945076
-0.912798
-0.878965
-0.844328
-0.809658
-0.775725
-0.743280
-0.713039
-0.685659
-0.661729
-0.641751
-0.626128
-0.615156
-0.609017
-0.607770
-0.611356
-0.619593
-0.632187
-0.648734
-0.668731
-0.691593
-0.716659
-0.743216
-0.770513
-0.797780
-0.824246
-0.849160
-0.871808
-0.891532
-0.907745
-0.919943
-0.927724
-0.930793
-0.928969
-0.922191
-0.910520
-0.894138
-0.873339
-0.848528
-0.820207
-0.788964
-0.755457
-0.720401
-0.684547
-0.648666
-0.613529
-0.579887
-0.548455
-0.519891
-0.494782
-0.473632
-0.456845
-0.444715
-0.437424
-0.435032
-0.437480
-0.444586
-0.456056
-0.471486
-0.490373
-0.512131
-0.536102
-0.561570
-0.587785
-0.613977
-0.639376
-0.663230
-0.684826
-0.703505
-0.718679
-0.729847
-0.736606
-0.738659
-0.735827
-0.728049
-0.715386
-0.698019
-0.676243
-0.650463
-0.621180
-0.588983
-0.554531
-0.518537
-0.481754
-0.444951
-0.408901
-0.374353
-0.342023
-0.312569
-0.286580
-0.264557
-0.246904
-0.233918
-0.225779
-0.222548
-0.224164
-0.230448
-0.241103
-0.255727
-0.273817
-0.294786
-0.317976
-0.342672
-0.368125
-0.393562
-0.418215
-0.441332
-0.462200
-0.480159
-0.494623
-0.505089
-0.511155
-0.512524
-0.509017
-0.500573
-0.487253
-0.469237
-0.446823
-0.420412
-0.390509
-0.357700
-0.322645
-0.286058
-0.248690
-0.211312
-0.174696
-0.139591
-0.106714
-0.076722
-0.050204
-0.027661
-0.009499
0.003988
0.012619
0.016332
0.015188
0.009368
-0.000834
-0.015013
-0.032669
-0.053213
-0.075987
-0.100277
-0.125333
-0.150384
-0.174660
-0.197409
-0.217919
-0.235530
-0.249655
-0.259792
-0.265538
-0.266598
-0.262791
-0.254056
-0.240456
-0.222169
-0.199494
-0.172832
-0.142687
-0.109647
-0.074369
-0.037570
-0.000000
0.037570
0.074369
0.109647
0.142687
0.172832
0.199494
0.222169
0.240456
0.254056
0.262791
0.266598
0.265538
0.259792
0.249655
0.235530
0.217919
0.197409
0.174660
0.150384
0.125333
0.100277
0.075987
0.053213
0.032669
0.015013
0.000834
-0.009368
-0.015188
-0.016332
-0.012619
-0.003988
0.009499
0.027661
0.050204
0.076722
0.106714
0.139591
0.174696
0.211312
0.248690
0.286058
0.322645
0.357700
0.390509
0.420412
0.446823
0.469237
0.487253
0.500573
0.509017
0.512524
0.511155
0.505089
0.494623
0.480159
0.462200
0.441332
0.418215
0.393562
0.368125
0.342672
0.317976
0.294786
0.273817
0.255727
0.241103
0.230448
0.224164
0.222548
0.225779
0.233918
0.246904
0.264557
0.286580
0.312569
0.342023
0.374353
0.408901
0.444951
0.481754
0.518537
0.554531
0.588983
0.621180
0.650463
0.676243
0.698019
0.715386
0.728049
0.735827
0.738659
0.736606
0.729847
0.718679
0.703505
0.684826
0.663230
0.639376
0.613977
0.587785
0.561570
0.536102
0.512131
0.490373
0.471486
0.456056
0.444586
0.437480
0.435032
0.437424
0.444715
0.456845
0.473632
0.494782
0.519891
0.548455
0.579887
0.613529
0.648666
0.684547
0.720401
0.755457
0.788964
0.820207
0.848528
0.873339
0.894138
0.910520
0.922191
0.928969
0.930793
0.927724
0.919943
0.907745
0.891532
0.871808
0.849160
0.824246
0.797780
0.770513
0.743216
0.716659
0.691593
0.668731
0.648734
0.632187
0.619593
0.611356
0.607770
0.609017
0.615156
0.626128
0.641751
0.661729
0.685659
0.713039
0.743280
0.775725
0.809658
0.844328
0.878965
0.912798
0.945076
0.975084
1.002163
1.025727
1.045272
1.060395
1.070800
1.076307
1.076854
1.072503
1.063433
1.049940
1.032428
1.011398
0.987439
0.961209
0.933421
0.904827
0.876198
0.848303
0.821893
0.797684
0.776333
0.758428
0.744471
0.734866
0.729907
0.729776
0.734533
0.744118
0.758349
0.776930
0.799459
0.825433
0.854265
0.885295
0.917809
0.951057
0.984266
1.016668
1.047510
1.076079
1.101715
1.123831
1.141925
1.155593
1.164539
1.168583
1.167664
1.161843
1.151300
1.136330
1.117338
1.094825
1.069379
1.041658
1.012377
0.982287
0.952158
0.922761
0.894846
0.869129
0.846267
0.826848
0.811375
0.800250
0.793770
0.792115
0.795345
0.803400
0.816099
0.833148
0.854141
0.878577
0.905868
0.935356
0.966326
0.998027
1.029688
1.060540
1.089831
1.116847
1.140928
1.161488
1.178024
1.190132
1.197518
1.200000
1.197518
1.190132
1.178024
1.161488
1.140928
1.116847
1.089831
1.060540
1.029688
0.998027
0.966326
0.935356
0.905868
0.878577
0.854141
0.833148
0.816099
0.803400
0.795345
0.792115
0.793770
0.800250
0.811375
0.826848
0.846267
0.869129
0.894846
0.922761
0.952158
0.982287
1.012377
1.041658
1.069379
1.094825
1.117338
1.136330
1.151300
1.161843
1.167664
1.168583
1.164539
1.155593
1.141925
1.123831
1.101715
1.076079
1.047510
1.016668
0.984266
0.951057
0.917809
0.885295
0.854265
0.825433
0.799459
0.776930
0.758349
0.744118
0.734533
0.729776
0.729907
0.734866
0.744471
0.758428
0.776333
0.797684
0.821893
0.848303
0.876198
0.904827
0.933421
0.961209
0.987439
1.011398
1.032428
1.049940
1.063433
1.072503
1.076854
1.076307
1.070800
1.060395
1.045272
1.025727
1.002163
0.975084
0.945076
0.912798
0.878965
0.844328
0.809658
0.775725
0.743280
0.713039
0.685659
0.661729
0.641751
0.626128
0.615156
0.609017
0.607770
0.611356
0.619593
0.632187
0.648734
0.668731
0.691593
0.716659
0.743216
0.770513
0.797780
0.824246
0.849160
0.871808
0.891532
0.907745
0.919943
0.927724
0.930793
0.928969
0.922191
0.910520
0.894138
0.873339
0.848528
0.820207
0.788964
0.755457
0.720401
0.684547
0.648666
0.613529
0.579887
0.548455
0.519891
0.494782
0.473632
0.456845
0.444715
0.437424
0.435032
0.437480
0.444586
0.456056
0.471486
0.490373
0.512131
0.536102
0.561570
0.587785
0.613977
0.639376
0.663230
0.684826
0.703505
0.718679
0.729847
0.736606
0.738659
0.735827
0.728049
0.715386
0.698019
0.676243
0.650463
0.621180
0.588983
0.554531
0.518537
0.481754
0.444951
0.408901
0.374353
0.342023
0.312569
0.286580
0.264557
0.246904
0.233918
0.225779
0.222548
0.224164
0.230448
0.241103
0.255727
0.273817
0.294786
0.317976
0.342672
0.368125
0.393562
0.418215
0.441332
0.462200
0.480159
0.494623
0.505089
0.511155
0.512524
0.509017
0.500573
0.487253
0.469237
0.446823
0.420412
0.390509
0.357700
0.322645
0.286058
0.248690
0.211312
0.174696
0.139591
0.106714
0.076722
0.050204
0.027661
0.009499
-0.003988
-0.012619
-0.016332
-0.015188
-0.009368
0.000834
0.015013
0.032669
0.053213
0.075987
0.100277
0.125333
0.150384
0.174660
0.197409
0.217919
0.235530
0.249655
0.259792
0.265538
0.266598
0.262791
0.254056
0.240456
0.222169
0.199494
0.172832
0.142687
0.109647
0.074369
0.037570
0.000000
-0.037570
-0.074369
-0.109647
-0.142687
-0.172832
-0.199494
-0.222169
-0.240456
-0.254056
-0.262791
-0.266598
-0.265538
-0.259792
-0.249655
-0.235530
-0.217919
-0.197409
-0.174660
-0.150384
-0.125333
-0.100277
-0.075987
-0.053213
-0.032669
-0.015013
-0.000834
0.009368
0.015188
0.016332
0.012619
0.003988
-0.009499
-0.027661
-0.050204
-0.076722
-0.106714
-0.139591
-0.174696
-0.211312
-0.248690
-0.286058
-0.322645
-0.357700
-0.390509
-0.420412
-0.446823
-0.469237
-0.487253
-0.500573
-0.509017
-0.512524
-0.511155
-0.505089
-0.494623
-0.480159
-0.462200
-0.441332
-0.418215
-0.393562
-0.368125
-0.342672
-0.317976
-0.294786
-0.273817
-0.255727
-0.241103
-0.230448
-0.224164
-0.222548
-0.225779
-0.233918
-0.246904
-0.264557
-0.286580
-0.312569
-0.342023
-0.374353
-0.408901
-0.444951
-0.481754
-0.518537
-0.554531
-0.588983
-0.621180
-0.650463
-0.676243
-0.698019
-0.715386
-0.728049
-0.735827
-0.738659
-0.736606
-0.729847
-0.718679
-0.703505
-0.684826
-0.663230
-0.639376
-0.613977
-0.587785
-0.561570
-0.536102
-0.512131
-0.490373
-0.471486
-0.456056
-0.444586
-0.437480
-0.435032
-0.437424
-0.444715
-0.456845
-0.473632
-0.494782
-0.519891
-0.548455
-0.579887
-0.613529
-0.648666
-0.684547
-0.720401
-0.755457
-0.788964
-0.820207
-0.848528
-0.873339
-0.894138
-0.910520
-0.922191
-0.928969
-0.930793
-0.927724
-0.919943
-0.907745
-0.891532
-0.871808
-0.849160
-0.824246
-0.797780
-0.770513
-0.743216
-0.716659
-0.691593
-0.668731
-0.648734
-0.632187
-0.619593
-0.611356
-0.607770
-0.609017
-0.615156
-0.626128
-0.641751
-0.661729
-0.685659
-0.713039
-0.743280
-0.775725
-0.809658
-0.844328
-0.878965
-0.912798
-0.945076
-0.975084
-1.002163
-1.025727
-1.045272
-1.060395
-1.070800
-1.076307
-1.076854
-1.072503
-1.063433
-1.049940
-1.032428
-1.011398
-0.987439
-0.961209
-0.933421
-0.904827
-0.876198
-0.848303
-0.821893
-0.797684
-0.776333
-0.758428
-0.744471
-0.734866
-0.729907
-0.729776
-0.734533
-0.744118
-0.758349
-0.776930
-0.799459
-0.825433
-0.854265
-0.885295
-0.917809
-0.951057
-0.984266
-1.016668
-1.047510
-1.076079
-1.101715
-1.123831
-1.141925
-1.155593
-1.164539
-1.168583
-1.167664
-1.161843
-1.151300
-1.136330
-1.117338
-1.094825
-1.069379
-1.041658
-1.012377
-0.982287
-0.952158
-0.922761
-0.894846
-0.869129
-0.846267
-0.826848
-0.811375
-0.800250
-0.793770
-0.792115
-0.795345
-0.803400
-0.816099
-0.833148
-0.854141
-0.878577
-0.905868
-0.935356
-0.966326
-0.998027
-1.029688
-1.060540
-1.089831
-1.116847
-1.140928
-1.161488
-1.178024
-1.190132
-1.197518
-1.200000
-1.197518
-1.190132
-1.178024
-1.161488
-1.140928
-1.116847
-1.089831
-1.060540
-1.029688
-0.998027
-0.966326
-0.935356
-0.905868
-0.878577
-0.854141
-0.833148
-0.816099
-0.803400
-0.795345
-0.792115
-0.793770
-0.800250
-0.811375
-0.826848
-0.846267
-0.869129
-0.894846
-0.922761
-0.952158
-0.982287
-1.012377
-1.041658
-1.069379
-1.094825
-1.117338
-1.136330
-1.151300
-1.161843
-1.167664
-1.168583
-1.164539
-1.155593
-1.141925
-1.123831
-1.101715
-1.076079
-1.047510
-1.016668
-0.984266
-0.951057
-0.917809
-0.885295
-0.854265
-0.825433
-0.799459
-0.776930
-0.758349
-0.744118
-0.734533
-0.729776
-0.729907
-0.734866
-0.744471
-0.758428
-0.776333
-0.797684
-0.821893
-0.848303
-0.876198
-0.904827
-0.933421
-0.961209
-0.987439
-1.011398
-1.032428
-1.049940
-1.063433
-1.072503
-1.076854
-1.076307
-1.070800
-1.060395
-1.045272
-1.025727
-1.002163
-0.975084
-0.945076
-0.912798
-0.878965
-0.844328
-0.809658
-0.775725
-0.743280
-0.713039
-0.685659
-0.661729
-0.641751
-0.626128
-0.615156
-0.609017
-0.607770
-0.611356
-0.619593
-0.632187
-0.648734
-0.668731
-0.691593
-0.716659
-0.743216
-0.770513
-0.797780
-0.824246
-0.849160
-0.871808
-0.891532
-0.907745
-0.919943
-0.927724
-0.930793
-0.928969
-0.922191
-0.910520
-0.894138
-0.873339
-0.848528
-0.820207
-0.788964
-0.755457
-0.720401
-0.684547
-0.648666
-0.613529
-0.579887
-0.548455
-0.519891
-0.494782
-0.473632
-0.456845
-0.444715
-0.437424
-0.435032
-0.437480
-0.444586
-0.456056
-0.471486
-0.490373
-0.512131
-0.536102
-0.561570
-0.587785
-0.613977
-0.639376
-0.663230
-0.684826
-0.703505
-0.718679
-0.729847
-0.736606
-0.738659
-0.735827
-0.728049
-0.715386
-0.698019
-0.676243
-0.650463
-0.621180
-0.588983
-0.554531
-0.518537
-0.481754
-0.444951
-0.408901
-0.374353
-0.342023
-0.312569
-0.286580
-0.264557
-0.246904
-0.233918
-0.225779
-0.222548
-0.224164
-0.230448
-0.241103
-0.255727
-0.273817
-0.294786
-0.317976
-0.342672
-0.368125
-0.393562
-0.418215
-0.441332
-0.462200
-0.480159
-0.494623
-0.505089
-0.511155
-0.512524
-0.509017
-0.500573
-0.487253
-0.469237
-0.446823
-0.420412
-0.390509
-0.357700
-0.322645
-0.286058
-0.248690
-0.211312
-0.174696
-0.139591
-0.106714
-0.076722
-0.050204
-0.027661
-0.009499
0.003988
0.012619
0.016332
0.015188
0.009368
-0.000834
-0.015013
-0.032669
-0.053213
-0.075987
-0.100277
-0.125333
-0.150384
-0.174660
-0.197409
-0.217919
-0.235530
-0.249655
-0.259792
-0.265538
-0.266598
-0.262791
-0.254056
-0.240456
-0.222169
-0.199494
-0.172832
-0.142687
-0.109647
-0.074369
-0.037570
